<?xml version="1.0"?>
<opencv_storage>
<calibration_Time>"Tue 16 Oct 2012 07:25:08 PM BST"</calibration_Time>
<nrOfFrames>3</nrOfFrames>
<image_Width>640</image_Width>
<image_Height>480</image_Height>
<board_Width>8</board_Width>
<board_Height>6</board_Height>
<square_Size>28.</square_Size>
<FixAspectRatio>1.</FixAspectRatio>
<!-- flags:  +fix_aspectRatio +fix_principal_point +zero_tangent_dist -->
<flagValue>14</flagValue>
<Camera_Matrix type_id="opencv-matrix">
  <rows>3</rows>
  <cols>3</cols>
  <dt>d</dt>
  <data>
    3.8851538094793773e+02 0. 3.1950000000000000e+02 0.
    3.8851538094793773e+02 2.3950000000000000e+02 0. 0. 1.</data></Camera_Matrix>
<Distortion_Coefficients type_id="opencv-matrix">
  <rows>5</rows>
  <cols>1</cols>
  <dt>d</dt>
  <data>
    2.1584175296450539e-01 -9.2938773873145342e-01 0. 0.
    1.0938498848384328e+00</data></Distortion_Coefficients>
<Avg_Reprojection_Error>5.5319651707601392e-01</Avg_Reprojection_Error>
<Per_View_Reprojection_Errors type_id="opencv-matrix">
  <rows>3</rows>
  <cols>1</cols>
  <dt>f</dt>
  <data>
    4.93983120e-01 6.80392385e-01 4.59484547e-01</data></Per_View_Reprojection_Errors>
<!-- a set of 6-tuples (rotation vector + translation vector) for each view -->
<Extrinsic_Parameters type_id="opencv-matrix">
  <rows>3</rows>
  <cols>6</cols>
  <dt>d</dt>
  <data>
    9.1105028594486472e-03 2.2460507324774427e-02
    -3.8783487674522116e-01 -1.4232729396376916e+02
    -1.0020744923725975e+02 3.5313400700355612e+02
    2.4138137163401638e-01 2.7954334674020670e-01
    -8.9933619743891113e-01 -1.6918931179680473e+02
    -2.4211125609299661e+01 4.2796202624432306e+02
    9.9207182109400313e-02 -6.3515298572696860e-02
    -1.0338915977388927e+00 -3.5249394820767770e+02
    -2.2732726827900585e+01 5.4031085117899386e+02</data></Extrinsic_Parameters>
<Image_points type_id="opencv-matrix">
  <rows>3</rows>
  <cols>48</cols>
  <dt>"2f"</dt>
  <data>
    1.59709274e+02 1.27312668e+02 1.89041443e+02 1.15551109e+02
    2.17997696e+02 1.03380753e+02 2.46858673e+02 9.13076782e+01
    2.76245270e+02 7.94495850e+01 3.05483398e+02 6.74601746e+01
    3.34814423e+02 5.52280159e+01 3.63926453e+02 4.32459946e+01
    1.72059372e+02 1.56750824e+02 2.01104767e+02 1.44591080e+02
    2.30076385e+02 1.32863373e+02 2.58966400e+02 1.20795738e+02
    2.87922394e+02 1.08415443e+02 3.17199066e+02 9.59173126e+01
    3.46651825e+02 8.41918182e+01 3.75778046e+02 7.18493805e+01
    1.84406662e+02 1.85925888e+02 2.12913788e+02 1.74035629e+02
    2.41930222e+02 1.62107681e+02 2.70620850e+02 1.50196396e+02
    2.99816925e+02 1.38101501e+02 3.28894348e+02 1.25434242e+02
    3.58536926e+02 1.13290062e+02 3.88051514e+02 1.01239853e+02
    1.96776352e+02 2.14846558e+02 2.25295914e+02 2.02738602e+02
    2.53658905e+02 1.91058838e+02 2.82643188e+02 1.79080780e+02
    3.11444519e+02 1.66954941e+02 3.40650299e+02 1.54805283e+02
    3.70451996e+02 1.42477692e+02 3.99614197e+02 1.30248047e+02
    2.09266098e+02 2.42918274e+02 2.37178818e+02 2.31515320e+02
    2.65812683e+02 2.20121140e+02 2.94275146e+02 2.08205032e+02
    3.23122284e+02 1.96185699e+02 3.52705261e+02 1.84096024e+02
    3.82074768e+02 1.71738159e+02 4.11560883e+02 1.59790161e+02
    2.21536880e+02 2.71520477e+02 2.49438995e+02 2.60271484e+02
    2.77752869e+02 2.48493469e+02 3.05779694e+02 2.36697906e+02
    3.35097961e+02 2.25075485e+02 3.64126831e+02 2.13285034e+02
    3.93676636e+02 2.01348846e+02 4.23354767e+02 1.88922974e+02
    1.63248093e+02 2.16538330e+02 1.75757080e+02 1.97156662e+02
    1.88958832e+02 1.76016434e+02 2.01797501e+02 1.54396027e+02
    2.16020309e+02 1.31238693e+02 2.30429688e+02 1.07875885e+02
    2.45638474e+02 8.26295166e+01 2.61757935e+02 5.62362061e+01
    1.83733627e+02 2.33393066e+02 1.96877777e+02 2.13412460e+02
    2.10439117e+02 1.93134186e+02 2.24295532e+02 1.71870346e+02
    2.38797699e+02 1.49927902e+02 2.53592087e+02 1.26122459e+02
    2.69360809e+02 1.01401665e+02 2.85641602e+02 7.57912598e+01
    2.05553436e+02 2.48423019e+02 2.18655685e+02 2.29629684e+02
    2.32574799e+02 2.09491150e+02 2.46975082e+02 1.89136673e+02
    2.61125824e+02 1.66898132e+02 2.76711731e+02 1.44554550e+02
    2.92508881e+02 1.21054909e+02 3.09767334e+02 9.54390411e+01
    2.28383408e+02 2.62934296e+02 2.40637177e+02 2.45020523e+02
    2.54206192e+02 2.26034912e+02 2.68128845e+02 2.05493011e+02
    2.83620422e+02 1.85049973e+02 2.99286865e+02 1.62142349e+02
    3.15390930e+02 1.39468582e+02 3.33289978e+02 1.14116455e+02
    2.48516327e+02 2.77411774e+02 2.62626526e+02 2.60186066e+02
    2.75928101e+02 2.41911301e+02 2.90305511e+02 2.22434937e+02
    3.05693573e+02 2.01378952e+02 3.21515991e+02 1.79948212e+02
    3.39167999e+02 1.56750763e+02 3.56979523e+02 1.33145065e+02
    2.69926910e+02 2.92039764e+02 2.83180542e+02 2.74433533e+02
    2.96390961e+02 2.57233429e+02 3.11723755e+02 2.37829819e+02
    3.27486298e+02 2.17912933e+02 3.44183594e+02 1.96721909e+02
    3.61037811e+02 1.75160950e+02 3.79966644e+02 1.51240219e+02
    6.44446259e+01 2.22788544e+02 7.44106674e+01 2.05625687e+02
    8.46830444e+01 1.87780533e+02 9.49722443e+01 1.70318054e+02
    1.05500381e+02 1.52847656e+02 1.16109413e+02 1.35703262e+02
    1.26964203e+02 1.18391747e+02 1.37654282e+02 1.01602760e+02
    8.21735153e+01 2.33524231e+02 9.22921066e+01 2.15790390e+02
    1.02683655e+02 1.98427353e+02 1.12993607e+02 1.80924988e+02
    1.23334969e+02 1.63726562e+02 1.33818130e+02 1.46134293e+02
    1.44490479e+02 1.29126907e+02 1.54989471e+02 1.12095932e+02
    1.00430908e+02 2.43496704e+02 1.10763741e+02 2.26519302e+02
    1.20748192e+02 2.08838684e+02 1.31048981e+02 1.91693787e+02
    1.41259384e+02 1.74053177e+02 1.51576080e+02 1.56738495e+02
    1.62088837e+02 1.39553421e+02 1.72485657e+02 1.22414192e+02
    1.19089211e+02 2.53983749e+02 1.28753723e+02 2.36582321e+02
    1.38642853e+02 2.19630722e+02 1.48997101e+02 2.02310791e+02
    1.59176407e+02 1.84601044e+02 1.69305801e+02 1.67519058e+02
    1.79644409e+02 1.50285538e+02 1.90093140e+02 1.32733292e+02
    1.37403748e+02 2.63500214e+02 1.47251282e+02 2.47043945e+02
    1.56701981e+02 2.29529770e+02 1.66988144e+02 2.12670853e+02
    1.77181976e+02 1.95471451e+02 1.87123245e+02 1.78134430e+02
    1.97395828e+02 1.60754593e+02 2.07539200e+02 1.43516953e+02
    1.55243210e+02 2.73660156e+02 1.65138123e+02 2.56803741e+02
    1.74886581e+02 2.40139114e+02 1.84596344e+02 2.22791336e+02
    1.94901962e+02 2.05839905e+02 2.04802887e+02 1.88487000e+02
    2.15028748e+02 1.71596436e+02 2.25148148e+02 1.54147812e+02</data></Image_points>
</opencv_storage>
