<?xml version="1.0"?>
<opencv_storage>
<calibration_Time>"Tue 16 Oct 2012 12:54:11 PM BST"</calibration_Time>
<nrOfFrames>7</nrOfFrames>
<image_Width>640</image_Width>
<image_Height>480</image_Height>
<board_Width>8</board_Width>
<board_Height>6</board_Height>
<square_Size>50.</square_Size>
<FixAspectRatio>1.</FixAspectRatio>
<!-- flags:  +fix_aspectRatio +fix_principal_point +zero_tangent_dist -->
<flagValue>14</flagValue>
<Camera_Matrix type_id="opencv-matrix">
  <rows>3</rows>
  <cols>3</cols>
  <dt>d</dt>
  <data>
    7.8256674811857840e+02 0. 3.1950000000000000e+02 0.
    7.8256674811857840e+02 2.3950000000000000e+02 0. 0. 1.</data></Camera_Matrix>
<Distortion_Coefficients type_id="opencv-matrix">
  <rows>5</rows>
  <cols>1</cols>
  <dt>d</dt>
  <data>
    -6.2324781249077787e-01 4.3304849871147812e+00 0. 0.
    -2.4376071561196373e+01</data></Distortion_Coefficients>
<Avg_Reprojection_Error>3.6455428147416158e-01</Avg_Reprojection_Error>
<Per_View_Reprojection_Errors type_id="opencv-matrix">
  <rows>7</rows>
  <cols>1</cols>
  <dt>f</dt>
  <data>
    3.63724560e-01 3.01610619e-01 4.39298630e-01 2.72067428e-01
    2.90101200e-01 4.18320358e-01 4.25299466e-01</data></Per_View_Reprojection_Errors>
<!-- a set of 6-tuples (rotation vector + translation vector) for each view -->
<Extrinsic_Parameters type_id="opencv-matrix">
  <rows>7</rows>
  <cols>6</cols>
  <dt>d</dt>
  <data>
    -4.7643305324632979e-01 -3.5706339836063700e-01
    -8.9964335167685858e-02 -2.0044994355105652e+02
    -9.1882073897640836e+01 8.7960186703193210e+02
    -5.3578109292798479e-02 9.8946796943964854e-02
    3.1275112165629754e-03 -1.7873057579709163e+02
    -1.2720093347912027e+02 8.9403444710859287e+02
    -1.9034921808924937e-01 -4.3024242197638229e-01
    -4.5443904148484045e-02 -1.3030685778127884e+02
    -1.2031572325240901e+02 6.7973433355766406e+02
    -7.4142616926882468e-02 -4.8999685497582218e-01
    -2.5332829732475751e-02 -2.9297284038930707e+02
    -1.2746441395111756e+02 9.9851717584265953e+02
    -4.4116436053316811e-02 1.8385207216512979e-03
    -2.2237514409520378e-03 -1.6337624652945826e+02
    -1.2726020952982486e+02 8.8455316466217369e+02
    -7.0250140754927892e-01 -3.1181196280811596e-01
    -1.1819400660506355e-01 -2.2026195901336311e+02
    -5.2661844305083200e+01 9.3676213934055579e+02
    -6.9270511681472668e-01 8.8853824405742424e-02
    3.2403262410211721e-02 -1.7217039500664748e+02
    -5.6720245582766964e+01 1.0476806326836961e+03</data></Extrinsic_Parameters>
<Image_points type_id="opencv-matrix">
  <rows>7</rows>
  <cols>48</cols>
  <dt>"2f"</dt>
  <data>
    1.46593414e+02 1.60257294e+02 1.88357193e+02 1.60628937e+02
    2.29272522e+02 1.61441315e+02 2.69559052e+02 1.62469620e+02
    3.08741760e+02 1.63374725e+02 3.46393372e+02 1.64820023e+02
    3.82489563e+02 1.66364822e+02 4.17112427e+02 1.67819611e+02
    1.48645279e+02 1.97528656e+02 1.91606339e+02 1.97737000e+02
    2.33758469e+02 1.98269379e+02 2.75037933e+02 1.98597137e+02
    3.15308563e+02 1.98991302e+02 3.53591736e+02 1.99986771e+02
    3.90266724e+02 2.00648575e+02 4.25482330e+02 2.01537140e+02
    1.51288696e+02 2.36810837e+02 1.95464859e+02 2.36618668e+02
    2.38861008e+02 2.36622131e+02 2.81124390e+02 2.36365738e+02
    3.21892517e+02 2.36529770e+02 3.61313873e+02 2.36499390e+02
    3.98654938e+02 2.36486786e+02 4.34282379e+02 2.36584747e+02
    1.54613403e+02 2.78220184e+02 1.99977783e+02 2.77453522e+02
    2.44466888e+02 2.76713989e+02 2.87641724e+02 2.76300934e+02
    3.29446350e+02 2.75359222e+02 3.69318726e+02 2.74601959e+02
    4.07451416e+02 2.73842133e+02 4.43543762e+02 2.72848877e+02
    1.58656555e+02 3.21564148e+02 2.05296204e+02 3.20423645e+02
    2.50680801e+02 3.18806488e+02 2.94946503e+02 3.17460876e+02
    3.37512146e+02 3.15950256e+02 3.77981323e+02 3.14135071e+02
    4.16642395e+02 3.12376099e+02 4.53225861e+02 3.10453186e+02
    1.63444275e+02 3.66548462e+02 2.11091614e+02 3.64678040e+02
    2.57461365e+02 3.62475891e+02 3.02496277e+02 3.60348297e+02
    3.45797913e+02 3.57722931e+02 3.86949036e+02 3.54795227e+02
    4.26262756e+02 3.52163757e+02 4.63049255e+02 3.49130615e+02
    1.67451645e+02 1.30791901e+02 2.08497498e+02 1.29404633e+02
    2.50395157e+02 1.28407547e+02 2.93429474e+02 1.27231560e+02
    3.37393646e+02 1.26716087e+02 3.81651825e+02 1.26573685e+02
    4.25830933e+02 1.26595749e+02 4.69575287e+02 1.26813904e+02
    1.66295624e+02 1.73167862e+02 2.07234604e+02 1.72392288e+02
    2.49746567e+02 1.71511871e+02 2.92877411e+02 1.70793213e+02
    3.37436035e+02 1.70600983e+02 3.82093842e+02 1.70484207e+02
    4.26349670e+02 1.70484955e+02 4.70462250e+02 1.70772369e+02
    1.64771835e+02 2.16119476e+02 2.06552490e+02 2.15514145e+02
    2.48848358e+02 2.15123642e+02 2.92696472e+02 2.14830933e+02
    3.37308075e+02 2.14832016e+02 3.82114777e+02 2.14790375e+02
    4.26592255e+02 2.14929703e+02 4.70809967e+02 2.15049316e+02
    1.64564850e+02 2.59146851e+02 2.05914169e+02 2.59283661e+02
    2.48505112e+02 2.59592896e+02 2.92440002e+02 2.59802032e+02
    3.36903931e+02 2.60137024e+02 3.82152802e+02 2.60167694e+02
    4.26670166e+02 2.60197662e+02 4.71220215e+02 2.60089233e+02
    1.63764160e+02 3.02413147e+02 2.05296585e+02 3.03326813e+02
    2.48407867e+02 3.04105316e+02 2.92192078e+02 3.04551422e+02
    3.36694427e+02 3.04998932e+02 3.81904297e+02 3.04986145e+02
    4.26605164e+02 3.05200500e+02 4.71110992e+02 3.05025757e+02
    1.63474823e+02 3.45815765e+02 2.04800369e+02 3.47110199e+02
    2.48087646e+02 3.48470428e+02 2.92000946e+02 3.49172302e+02
    3.36506073e+02 3.49866028e+02 3.81404724e+02 3.50094543e+02
    4.26340149e+02 3.50015564e+02 4.70433167e+02 3.49879059e+02
    1.74497849e+02 1.05346077e+02 2.26788177e+02 1.07777290e+02
    2.77633270e+02 1.10540939e+02 3.26219635e+02 1.13607162e+02
    3.72059906e+02 1.16889351e+02 4.14743591e+02 1.20712212e+02
    4.54913452e+02 1.24444778e+02 4.92048798e+02 1.28130615e+02
    1.75501389e+02 1.58464081e+02 2.29335022e+02 1.60164200e+02
    2.80773743e+02 1.61598236e+02 3.30148773e+02 1.63411926e+02
    3.76527496e+02 1.65448654e+02 4.19955139e+02 1.67722656e+02
    4.60379181e+02 1.69980438e+02 4.97731262e+02 1.72352173e+02
    1.77517929e+02 2.13913696e+02 2.32404541e+02 2.14261017e+02
    2.84560608e+02 2.14538742e+02 3.34551605e+02 2.14937561e+02
    3.81518280e+02 2.15547974e+02 4.25178253e+02 2.16275162e+02
    4.65867035e+02 2.16780518e+02 5.03373505e+02 2.17584106e+02
    1.80564011e+02 2.71020416e+02 2.36152451e+02 2.70098145e+02
    2.88906281e+02 2.69004913e+02 3.39298920e+02 2.68108032e+02
    3.86588257e+02 2.66875092e+02 4.30481812e+02 2.66086823e+02
    4.71316986e+02 2.64900696e+02 5.08962952e+02 2.64154694e+02
    1.84642273e+02 3.29725922e+02 2.40567734e+02 3.27239410e+02
    2.93773163e+02 3.24689972e+02 3.44374146e+02 3.22230133e+02
    3.92063568e+02 3.19301300e+02 4.36040558e+02 3.16534668e+02
    4.76940247e+02 3.13806488e+02 5.14411499e+02 3.10802460e+02
    1.89262848e+02 3.88617676e+02 2.45377106e+02 3.84978577e+02
    2.98859558e+02 3.80774658e+02 3.49588165e+02 3.76496429e+02
    3.97346252e+02 3.71906036e+02 4.41433899e+02 3.67329163e+02
    4.82289001e+02 3.62506592e+02 5.19705750e+02 3.58191101e+02
    1.00220261e+02 1.44101837e+02 1.35211227e+02 1.44900864e+02
    1.70442581e+02 1.46097183e+02 2.04319016e+02 1.47035339e+02
    2.37493332e+02 1.48511581e+02 2.69537811e+02 1.49892822e+02
    3.00529816e+02 1.51353104e+02 3.30495728e+02 1.52818802e+02
    9.97857285e+01 1.80906754e+02 1.35360733e+02 1.81454544e+02
    1.70453430e+02 1.82188782e+02 2.04617737e+02 1.82545944e+02
    2.38136658e+02 1.83227707e+02 2.70393280e+02 1.84419083e+02
    3.01417786e+02 1.84840897e+02 3.31515900e+02 1.85960251e+02
    1.00206276e+02 2.18404953e+02 1.35850662e+02 2.18442764e+02
    1.70775467e+02 2.18457123e+02 2.05289856e+02 2.18521729e+02
    2.38674454e+02 2.18641647e+02 2.71245117e+02 2.18662979e+02
    3.02484985e+02 2.18954010e+02 3.32486816e+02 2.19159607e+02
